bestPath = [47  34  42  28  48  33  38  45  27  39  44  40  37  49  30  36   8  16  21  19   7  14  22  17  24  23   4   5  18   1  13  10   9   2  12   6  15   3  11  20  29  50  32  25  26  31  43  35  41  46];
